import turtle as t
a = [(1, 90, 20, 90, 10, 90, 20, 90, 10, 0, 10, 90, 20), 
     (0, 270, 10, 1, 135, 14, 225, 20, 0, 180, 20, 270, 10), 
     (1, 10, 270, 10, 270, 10, 90, 10, 90, 10, 90, 0, 20, 270, 10), 
     (1, 10, 225, 14, 135, 10, 225, 14, 135, 0, 10, 90, 20, 270, 10),
     (1, 270, 10, 90, 10, 270, 10, 180, 20, 0, 270, 10), 
     (1, 10, 180, 10, 90, 10, 90, 10, 270, 10, 270, 10, 180, 10, 90, 0, 20, 270, 10), 
     (0, 10, 225, 1, 14, 45, 10, 90, 10, 90, 10, 90, 10, 225, 0, 14, 315, 10), 
     (1, 10, 225, 14, 45, 10, 0, 90, 10, 90, 20, 270, 10),
     (1, 270, 10, 90, 10, 180, 10, 90, 10, 90, 10, 90, 20, 90, 10, 180, 10, 0, 10), 
     (1, 270, 10, 90, 10, 90, 10, 90, 10, 90, 0, 20, 90, 1, 10, 90, 20, 270, 0, 10)]


n = int(t.textinput('Введите индекс', 'индекс: '))
for j in range(len(a[n])):
        if a[n][j] > 20:
            t.left(a[n][j])
        elif a[n][j] == 0:
            t.up()
        elif a[n][j] == 1:
            t.down()
        else:
            t.forward(a[n][j])

t.exitonclick()